0.000313744
0.000687752
0.000631299
0.000597414
0.000578338
0.000568081
0.000564126
0.000564879
0.000569704
0.000578888
0.000592583
0.000611125
0.00063506
0.000665148
0.000702379
0.000747999
0.000803558
0.000870984
0.000952694
0.00105174
0.00117199
0.00131842
0.00149742
0.00171729
0.00198873
0.00232553
0.00274503
0.00326725
0.00391032
0.00468219
0.00553996
0.0062522
0.00635427
0.00532826
0.00329432
0.00150137
0.000599531
0.000269928
0.00015215
9.99835e-05
7.10983e-05
5.27759e-05
4.02529e-05
3.12996e-05
2.46986e-05
1.97186e-05
1.58924e-05
1.2908e-05
1.05544e-05
8.7117e-06
7.28866e-06
6.13035e-06
5.17779e-06
4.39008e-06
3.7355e-06
3.18913e-06
2.73123e-06
2.346e-06
2.02077e-06
1.74528e-06
1.51118e-06
1.31168e-06
1.14118e-06
9.9507e-07
8.6955e-07
7.61453e-07
6.68142e-07
5.87414e-07
5.1742e-07
4.56607e-07
4.03663e-07
3.5748e-07
3.17119e-07
2.8178e-07
2.50784e-07
2.23549e-07
1.9958e-07
1.78449e-07
1.59791e-07
1.4329e-07
1.28675e-07
1.15711e-07
1.04195e-07
9.39502e-08
8.48239e-08
7.66828e-08
6.94108e-08
6.29067e-08
5.70818e-08
5.18588e-08
4.71696e-08
4.29545e-08
3.91611e-08
3.57433e-08
3.26603e-08
2.98761e-08
2.73591e-08
2.50811e-08
2.30172e-08
2.11453e-08
1.94457e-08
1.79011e-08
1.64959e-08
1.52163e-08
1.40498e-08
1.29855e-08
1.20135e-08
1.11249e-08
1.03118e-08
9.56724e-09
8.88471e-09
8.25851e-09
7.68349e-09
7.15502e-09
6.66891e-09
6.22138e-09
5.80904e-09
5.42879e-09
5.07786e-09
4.75372e-09
4.45409e-09
4.1769e-09
3.92026e-09
3.68247e-09
3.46198e-09
3.25736e-09
3.06733e-09
2.89073e-09
2.72647e-09
2.5736e-09
2.4312e-09
2.29848e-09
2.17467e-09
2.05911e-09
1.95117e-09
1.85027e-09
1.7559e-09
1.66756e-09
1.58481e-09
1.50726e-09
1.43451e-09
1.36624e-09
1.30213e-09
1.24187e-09
1.18521e-09
1.13189e-09
1.08168e-09
1.03438e-09
9.89792e-10
9.47727e-10
9.08021e-10
8.70522e-10
8.35083e-10
8.01574e-10
7.6987e-10
7.39857e-10
7.1143e-10
6.84488e-10
6.58942e-10
6.34705e-10
6.11699e-10
5.89849e-10
5.69087e-10
5.49349e-10
5.30576e-10
5.1271e-10
4.95701e-10
4.795e-10
4.64061e-10
4.49354e-10
4.3538e-10
4.22043e-10
4.09303e-10
3.97129e-10
3.85504e-10
3.74605e-10
3.63251e-10
3.11301e-10
-7.01867e-11
8.94841e-09
