0.000205479
0.000206377
0.000206377
0.000205479
0.000203709
0.000201121
0.000197787
0.000193796
0.000189247
0.000184244
0.00017889
0.000173283
0.000167513
0.00016166
0.000155793
0.00014997
0.000144238
0.000138634
0.000133187
0.000127918
0.000122841
0.000117965
0.000113295
0.000108831
0.000104571
0.000100511
9.66473e-05
9.29718e-05
8.94778e-05
8.61573e-05
8.30026e-05
8.00053e-05
7.71577e-05
7.44518e-05
7.188e-05
6.94349e-05
6.71094e-05
6.4897e-05
6.2791e-05
6.07856e-05
5.88749e-05
5.70535e-05
5.53164e-05
5.36588e-05
5.20762e-05
5.05643e-05
4.91192e-05
4.77371e-05
4.64147e-05
4.51486e-05
4.39357e-05
4.27732e-05
4.16584e-05
4.05888e-05
3.9562e-05
3.85757e-05
3.76279e-05
3.67166e-05
3.584e-05
3.49964e-05
3.4184e-05
3.34014e-05
3.26471e-05
3.19199e-05
3.12183e-05
3.05412e-05
2.98875e-05
2.9256e-05
2.86458e-05
2.80559e-05
2.74855e-05
2.69335e-05
2.63994e-05
2.58821e-05
2.53812e-05
2.48958e-05
2.44253e-05
2.39691e-05
2.35266e-05
2.30973e-05
2.26806e-05
2.2276e-05
2.18831e-05
2.15014e-05
2.11304e-05
2.07697e-05
2.04191e-05
2.0078e-05
1.97461e-05
1.94231e-05
1.91087e-05
1.88025e-05
1.85043e-05
1.82137e-05
1.79306e-05
1.76546e-05
1.73855e-05
1.71231e-05
1.68671e-05
1.66174e-05
1.63736e-05
1.61357e-05
1.59034e-05
1.56766e-05
1.54551e-05
1.52386e-05
1.50271e-05
1.48204e-05
1.46183e-05
1.44207e-05
1.42275e-05
1.40385e-05
1.38536e-05
1.36727e-05
1.34956e-05
1.33223e-05
1.31527e-05
1.29865e-05
1.28238e-05
1.26645e-05
1.25084e-05
1.23554e-05
1.22055e-05
1.20586e-05
1.19145e-05
1.17733e-05
1.16349e-05
1.14991e-05
1.13659e-05
1.12352e-05
1.1107e-05
1.09812e-05
1.08577e-05
1.07371e-05
1.06181e-05
1.05013e-05
1.03866e-05
1.0274e-05
1.01633e-05
1.00547e-05
9.94841e-06
9.85457e-06
9.75135e-06
9.64989e-06
9.55016e-06
9.45213e-06
9.35575e-06
9.26107e-06
9.18996e-06
0.0524632
0.0524015
0.0523313
0.0522532
0.0521677
0.0520751
0.0519757
0.0518699
0.0517586
0.051641
0.051518
0.0513897
0.0512566
0.0511189
0.0509768
0.0508305
0.0506805
0.0505267
0.0503695
0.050209
0.0500456
0.0498792
0.0497102
0.0495386
0.0493647
0.0491886
0.0490105
0.0488305
0.0486487
0.0484652
0.0482803
0.048094
0.0479064
0.0477176
0.0475278
0.047337
0.0471453
0.0469529
0.0467598
0.0465661
0.0463718
0.0461771
0.0459821
0.0457867
0.045591
0.0453952
0.0451993
0.0450033
0.0448073
0.0446113
0.0444155
0.0442197
0.0440242
0.0438289
0.0436338
0.0434391
0.0432447
0.0430507
0.0428571
0.0426639
0.0424712
0.042279
0.0420873
0.0418962
0.0417057
0.0415158
0.0413265
0.0411378
0.0409498
0.0407625
0.0405759
0.04039
0.0402048
0.0400204
0.0398368
0.0396539
0.0394718
0.0392905
0.03911
0.0389303
0.0387514
0.0385734
0.0383962
0.0382199
0.0380444
0.0378698
0.037696
0.0375231
0.0373511
0.03718
0.0370098
0.0368404
0.0366719
0.0365043
0.0363377
0.0361719
0.036007
0.035843
0.0356799
0.0355177
0.0353564
0.035196
0.0350365
0.0348779
0.0347202
0.0345634
0.0344075
0.0342525
0.0340984
0.0339452
0.0337928
0.0336414
0.0334908
0.0333411
0.0331923
0.0330444
0.0328973
0.0327511
0.0326058
0.0324613
0.0323177
0.032175
0.0320331
0.031892
0.0317519
0.0316125
0.031474
0.0313363
0.0311995
0.0310635
0.0309283
0.0307939
0.0306603
0.0305276
0.0303956
0.0302645
0.0301341
0.0300046
0.0298758
0.0297478
0.0296206
0.0294942
0.0293685
0.0292436
0.0291195
0.0289961
0.0288735
0.0287516
0.0286305
0.0285101
0.0283905
0.0282715
0.0281533
0.0280358
0.0279191
0.027803
0.0276877
0.027573
0.0274591
0.0273458
0.0272332
0.0271214
0.0270102
0.0268996
0.0267898
0.0266806
0.026572
0.0264641
0.0263569
0.0262503
0.0261444
0.0260391
0.0259344
0.0258304
0.025727
0.0256242
0.0255221
0.0254205
0.0253196
0.0252192
0.0251195
0.0250203
0.0249218
0.0248238
0.0247264
0.0246296
0.0245334
0.0244377
0.0243427
0.0242481
0.0241542
0.0240608
0.0239679
0.0238756
0.0237838
0.0236926
0.0236019
0.0235117
0.0234221
0.023333
0.0232444
0.0231563
0.0230688
0.0229817
0.0228952
0.0228091
0.0227236
0.0226385
0.022554
0.0224699
0.0223863
0.0223032
0.0222206
0.0221385
0.0220568
0.0219756
0.0218948
0.0218145
0.0217347
0.0216553
0.0215764
0.0214979
0.0214199
0.0213423
0.0212651
0.0211884
0.0211121
0.0210363
0.0209609
0.0208859
0.0208113
0.0207371
0.0206633
0.02059
0.020517
0.0204445
0.0203724
0.0203006
0.0202293
0.0201584
0.0200878
0.0200177
0.0199479
0.0198785
0.0198095
0.0197408
0.0196726
0.0196047
0.0195371
0.01947
0.0194032
0.0193368
0.0192707
0.019205
0.0191396
0.0190746
0.01901
0.0189456
0.0188817
0.018818
0.0187548
0.0186918
0.0186292
0.0185669
0.018505
0.0184433
0.018382
0.0183211
0.0182604
0.0182001
0.01814
0.0180803
0.0180209
0.0179619
0.0179031
0.0178446
0.0177865
0.0177286
0.017671
0.0176138
0.0175568
0.0175001
0.0174437
0.0173876
0.0173318
0.0172763
0.0172211
0.0171661
0.0171114
0.0170571
0.0170029
0.0169491
0.0168955
0.0168422
0.0167892
0.0167364
0.0166839
0.0166317
0.0165797
0.016528
0.0164765
0.0164253
0.0163744
0.0163237
0.0162732
0.016223
0.0161731
0.0161234
0.0160739
0.0160247
0.0159758
0.015927
0.0158786
0.0158303
0.0157823
0.0157345
0.015687
0.0156396
0.0155926
0.0155457
0.0154991
0.0154526
0.0154065
0.0153605
0.0153148
0.0152692
0.0152239
0.0151788
0.015134
0.0150893
0.0150449
0.0150006
0.0149566
0.0149128
0.0148692
0.0148257
0.0147825
0.0147395
0.0146968
0.0146542
0.0146118
0.0145696
0.0145276
0.0144857
0.0144441
0.0144027
0.0143615
0.0143204
0.0142796
0.0142389
0.0141985
0.0141582
0.0141181
0.0140782
0.0140384
0.0139989
0.0139595
0.0139203
0.0138813
0.0138424
0.0138038
0.0137653
0.013727
0.0136888
0.0136509
0.0136131
0.0135754
0.013538
0.0135007
0.0134636
0.0134266
0.0133898
0.0133532
0.0133167
0.0132804
0.0132442
0.0132082
0.0131724
0.0131367
0.0131012
0.0130659
0.0130306
0.0129956
0.0129607
0.0129259
0.0128914
0.0128569
0.0128226
0.0127885
0.0127545
0.0127206
0.0126869
0.0126533
0.0126199
0.0125867
0.0125535
0.0125205
0.0124877
0.012455
0.0124224
0.01239
0.0123577
0.0123255
0.0122935
0.0122616
0.0122299
0.0121983
0.0121668
0.0121354
0.0121042
0.0120731
0.0120422
0.0120113
0.0119806
0.0119501
0.0119196
0.0118893
0.0118591
0.011829
0.0117991
0.0117693
0.0117396
0.01171
0.0116805
0.0116512
0.011622
0.0115929
0.0115639
0.0115351
0.0115063
0.0114777
0.0114492
0.0114208
0.0113925
0.0113644
0.0113363
0.0113084
0.0112806
0.0112528
0.0112252
0.0111978
0.0111704
0.0111431
0.0111159
0.0110889
0.0110619
0.0110351
0.0110084
0.0109817
0.0109552
0.0109288
0.0109025
0.0108763
0.0108763
